.Random.seed <-
c(403L, 63L, 85256704L, -151532110L, 831786962L, 1459718202L, 
-686556558L, 1200918730L, -1424181264L, 1569996474L, -1206071336L, 
440763867L, -1853185523L, 538360388L, 1098934458L, 1464821214L, 
1012962945L, 1006021843L, -1242021734L, 1597611452L, -990145287L, 
1529996804L, 307061613L, -419990744L, -1534215372L, -589935960L, 
395506480L, -835557439L, -135046059L, -1792457072L, -255930684L, 
-822184089L, -839256484L, 307043091L, 649195790L, -78539141L, 
1362242786L, 1449841182L, -379815649L, -36356458L, -571088830L, 
-923741907L, -1111748757L, -1214889800L, 768562864L, -1075071622L, 
-731517617L, -316309938L, 1019072384L, 1816671804L, 806824060L, 
1605522506L, 2017759732L, 1930586616L, 1715442399L, -367158850L, 
-1670898105L, 200194138L, 79616663L, 1985215105L, 1853791861L, 
1833854713L, -1660614450L, -1025238629L, 1496095153L, -1800165180L, 
-1118515632L, -478421500L, 29232379L, 1080868224L, -124781350L, 
1817035481L, 2055356280L, -2019263651L, 1561982521L, -1004768341L, 
419911204L, 2012081640L, -785286773L, -322651022L, 272796105L, 
105940097L, -2044667332L, -1944766058L, -1640576771L, -1524386093L, 
-170324899L, -2125195510L, -1845686974L, 1846086193L, 1919100529L, 
687465565L, -164860166L, -1033668375L, -738649806L, -976283989L, 
-1192057898L, 374450499L, 325696851L, -1565510101L, 837053310L, 
272202071L, 602017056L, -826030165L, -2103468292L, 1735260763L, 
-524089025L, 296564127L, 2117850077L, 34914071L, -90571635L, 
639319479L, -1246184504L, 472221323L, 437852331L, -122550998L, 
964467564L, 1509131597L, 875363712L, -387142264L, -556705159L, 
-606402934L, 1224348293L, 1988359687L, 757510631L, -1658668245L, 
-2073483479L, 324363318L, -275071577L, -698383908L, -1757324456L, 
-166065225L, -612971266L, 662364843L, 1325113224L, 1695098139L, 
427738550L, 1352484080L, 911468651L, -1973655875L, 298171479L, 
1698533834L, 772021760L, -1707186768L, 881755774L, -1595087091L, 
-736204763L, -1831079880L, -1687749903L, 1500777260L, -1328640086L, 
-1283630849L, -317443760L, -2084492728L, -774828918L, -1207679773L, 
-913371298L, -2010596323L, 890211189L, 182455386L, 1408192113L, 
-363914318L, -321743808L, -1118624422L, -222877284L, 930994535L, 
-396161883L, 1212299700L, 1869013674L, -790375618L, -1457946669L, 
1306685620L, -1899439247L, 1713885787L, -1712338850L, 606902500L, 
-236522767L, 52287194L, 1951473686L, -305106848L, 713581547L, 
-2046846845L, -994629920L, -1153533321L, -686580688L, 686065544L, 
-1205368764L, -1211641966L, 1277022400L, -1555112271L, 1542434556L, 
1859260857L, 1963518064L, -1629396771L, -1148211499L, -1875588102L, 
1639218438L, 1238427661L, -1133374418L, 67432456L, -1813038282L, 
266334423L, -1600001465L, 1884975971L, 678914997L, 1862520207L, 
-1836725386L, -1586152004L, 306136767L, -2083160912L, -663260090L, 
-236770367L, 1421558467L, 1805922068L, -929281178L, -1120794286L, 
910801530L, -1422481993L, 3838613L, 505842001L, -1051933262L, 
2060799703L, -509619012L, 822080277L, -550211750L, 38253L, 659453663L, 
79714754L, 359519786L, 142869540L, -1758940555L, -1752528963L, 
-1908748017L, -1204039427L, -2114834522L, -733137316L, -680414699L, 
468083459L, 284957441L, 849121732L, 1870693700L, 1875052530L, 
-694966687L, -1940536718L, 968923806L, -1434162694L, -1130467190L, 
671120378L, 2095562279L, -1893052241L, 539931832L, 1735190814L, 
-1300750983L, -918844752L, -1694147172L, 1825230027L, 936174844L, 
1475828746L, -642713015L, -244866124L, -2008585637L, -258638004L, 
-743705035L, -92042858L, 1924771186L, -623413712L, -120544204L, 
-1724028754L, -885202167L, 869789450L, 269062727L, -131148926L, 
328014695L, -110203739L, -295796442L, 1349750889L, 407830119L, 
796715869L, -1325808786L, -941884093L, 1689887602L, -1848550127L, 
1589689295L, -1230265933L, 842141972L, 780733129L, -1391334871L, 
-244651189L, 141923566L, -394839972L, 1629885897L, 1459867731L, 
2108604962L, 2107833596L, -1282293654L, -433039606L, 433157878L, 
-106674817L, 2061925116L, -177737967L, 85610557L, -692242796L, 
-429530502L, -56219023L, 1735406027L, 1913813428L, 967467778L, 
-87562813L, 720623226L, -140619322L, 272076441L, -2091169006L, 
-1407131877L, 1623584958L, 683879040L, 593894425L, -1403147487L, 
-345491867L, -1836219503L, -68555366L, 1504499878L, -1446197609L, 
606319302L, 323778600L, -345715376L, -1267738731L, 1842080047L, 
1133246267L, 1994862985L, 1860661273L, -790562131L, -1517897115L, 
1700635417L, -1728548530L, 1802211705L, -662021206L, 1510394309L, 
1583229891L, -1405458508L, -1249837443L, 2107531373L, 457799315L, 
-1798192508L, 1944457637L, 943219740L, 1482344770L, 1051474972L, 
-1887338073L, 28200319L, 1939307143L, -189778469L, 892896635L, 
-1088768556L, 1225791614L, 182757530L, 1133953178L, -1665295440L, 
-792580334L, 1397669267L, -989565025L, 1588937462L, 411241241L, 
369303010L, 1628533839L, 2136313679L, -40758691L, 224149681L, 
-876056649L, 2087930577L, 378688880L, 351042695L, 1999526734L, 
-69458960L, 2111968454L, 901976028L, 977621601L, -1287938957L, 
141512836L, 2061682703L, 1146306402L, -802233423L, -596262824L, 
-254980982L, -751135705L, -816740648L, 494363260L, -307095846L, 
-567207671L, 2011595245L, -870849888L, -1548789935L, -1542503019L, 
1597164214L, 1956051273L, -957226578L, -1120106196L, 1455111163L, 
1857906064L, -764214570L, 1104409424L, 185510669L, -1620196724L, 
1953634026L, 569455324L, 1002264251L, -1944563505L, -1493434886L, 
490126418L, -378107336L, 2038625102L, 517038603L, 836302532L, 
1474227478L, -797877271L, 149416294L, -768555998L, -1575447729L, 
393527247L, 899564380L, 93328033L, -331584782L, 1869543132L, 
-1705576671L, -986743991L, 1486495649L, -702148865L, 1787180905L, 
-1041621845L, -1625853215L, -2064177154L, -1340707781L, 947746313L, 
787350919L, -1861945105L, -2125147581L, 1493780961L, -441694079L, 
1391377038L, 1586606430L, -1697035564L, 2023614933L, 228993414L, 
-1379740368L, -711720092L, 1615416518L, 1410629801L, 294268265L, 
-125516221L, -966026682L, 1347794405L, -2010336144L, -1783707198L, 
-1026571710L, -2028494855L, 1063636077L, 1769200482L, 582418340L, 
1217067897L, 600965243L, 368724004L, -861872840L, 826666236L, 
-1884215378L, 289327102L, -807703230L, -1607193587L, 139058735L, 
-1080299555L, -2060397796L, 1658198867L, 350047923L, -850167246L, 
159122771L, -855140097L, 764522025L, 1808944719L, -556533023L, 
-1400221152L, -174629652L, -1169103891L, 1226076705L, 120167178L, 
-1836878695L, -1484251210L, -687304588L, -574176869L, -1776349589L, 
-957494802L, -1368826902L, 512785298L, -1979753151L, 1015784179L, 
-1494739710L, -1104713177L, 1039063399L, -751795938L, -703686196L, 
16624439L, -122146288L, 1374156732L, -341120839L, 2097560767L, 
632689553L, 117995544L, -42972651L, -67970734L, 2050263049L, 
-181655594L, 399146112L, 422263349L, 385395456L, -1069128408L, 
922472036L, 844852103L, -1294870066L, 1806221880L, 751615058L, 
-513390063L, 1434084985L, 265476139L, 14848292L, -869925143L, 
1527760336L, -748374900L, 1229337906L, -489682171L, -1456534276L, 
948422628L, 612918793L, -264527381L, -323169754L, 884535924L, 
817353692L, -898838737L, 517737460L, -1666099345L, 49975253L, 
-1842386698L, -327783126L, -740074654L, -608696466L, -1879812041L, 
-867134415L, -139265160L, 978942378L, 25536357L, 1580886276L, 
2024646125L, 2089788445L, -1370458188L, 153542960L, 1231468477L, 
-1452528455L, 163035037L, -998104111L, 509756883L, 272227081L, 
1008218013L, 1834882774L, -1229901891L, 1479212581L, 202619153L, 
740489433L, -1843075423L, 437007636L, 1942701387L, 1980661879L, 
236448341L, -246807183L, 1437910403L, -1421784483L, -644906478L, 
-979029085L, 1459205946L, 1481376607L, -443327295L, -1762197809L, 
1009997690L, 1372465428L, 1057777916L, -2090413195L, -1829340436L, 
1994607342L, -662096196L, -1914073969L, -2044429233L, -965084191L, 
-1492303642L, -1283249413L, 873844759L, -1225825986L, -269813249L, 
2037493793L, -1127340135L, 1647986752L, -1935443770L, -2016714793L, 
-2113161884L, 547898797L, -838394364L, 90186295L, -1761061790L, 
-728705323L, -227794757L, 1579916082L, 1857842472L, 1081268649L, 
