.Random.seed <-
c(403L, 289L, -2105150219L, 1910806200L, -1956659333L, -666581728L, 
-944518358L, 679310284L, -885731002L, 1566298500L, -1133267722L, 
-2123035156L, 1697052920L, 561616049L, 1256794620L, -806887965L, 
900302400L, -811170127L, -283304938L, 844479093L, -1834938104L, 
708389080L, -418675560L, 167596085L, 1857730263L, -1184132839L, 
1842319439L, 61465692L, 1147962530L, 1285525264L, 1797062212L, 
-1998669924L, -1797083409L, 1765086210L, 185916020L, 1148348979L, 
709867172L, -294619891L, 1326089776L, -799446482L, 1620941376L, 
1249487762L, -1144806648L, -617421413L, -1733422150L, -962896420L, 
1045764999L, 1114786467L, 1109712548L, -963102154L, -211907597L, 
1389817802L, 1565994117L, -1787406866L, 598763141L, 669485123L, 
1902401942L, -905649787L, -1944569028L, 292267519L, -1859166305L, 
2092378857L, -1078723211L, -256813449L, -9722541L, -1987364599L, 
-227941611L, 1709564818L, -2001817149L, 1168796080L, 1136670767L, 
-1791655912L, -471652406L, 718048791L, 566096419L, -748411076L, 
1113765287L, -946822924L, -1888506040L, -916925513L, -1402185413L, 
-591795168L, -1267440717L, -1165553473L, 1002694092L, 729651109L, 
1080715732L, 1786328503L, 1121460677L, -1387401537L, 168129345L, 
214437121L, -1472074567L, 1067535512L, -1938103914L, -804290512L, 
-2090282452L, -1452303026L, 1593754869L, -1430380701L, -937077516L, 
-1349465842L, 1524112690L, -1619646956L, -1186603791L, 1247901660L, 
-1482182412L, 2145450381L, 1357565013L, 2002851569L, 1288929062L, 
1776612231L, -1212771272L, -1235520880L, 1757622638L, 10744176L, 
-1915221114L, 1730569922L, -1094469021L, 1321508144L, 1716838158L, 
-376820633L, -105715861L, 974967725L, -853672160L, -700667841L, 
-884025947L, 1723044897L, 352711609L, 81686355L, 1038519615L, 
-1720291305L, 934653047L, -1305708058L, -491197907L, -1737303609L, 
-1629220348L, -1106257494L, -433646113L, 866829155L, -1502254804L, 
1889065397L, -1667484519L, -891704091L, -1194726565L, -1284752515L, 
-1525900803L, 1366166900L, -996826001L, 874739784L, 529820904L, 
-767142139L, -1963565059L, 196804722L, 20891634L, 1988283819L, 
994546156L, 1891826942L, -1184841703L, -1407541408L, 1644045619L, 
737907974L, 1818776498L, -589335260L, -2034697225L, 448465780L, 
-1346122185L, -1379271933L, -1157445240L, -1725010592L, 876826093L, 
1087516856L, 1927395685L, -810253443L, -1709365496L, -1603281324L, 
-1182123159L, -862069120L, 1826166413L, -1224934773L, -1040318099L, 
-2092539554L, 242493527L, -813336633L, -1965346791L, 516274614L, 
491509507L, -1464552913L, -50462083L, -1699196065L, 1675555824L, 
-280060564L, 1398515177L, 666182228L, 1234251428L, -627232958L, 
428006233L, -1354673881L, -968559653L, -669412507L, 185842879L, 
616207900L, -790091628L, -1642706151L, -1148622689L, 1697006011L, 
-1098073503L, 480692354L, -121790597L, 1897192631L, 1833206134L, 
505945818L, 1116490600L, -1871718282L, -2040277770L, -1383642223L, 
-1899633L, -122902472L, -207411432L, -2110885829L, 1694315780L, 
2048089676L, -292812172L, -699230676L, 113721230L, 2053311113L, 
-1108707549L, -78229331L, -674178561L, 142778005L, -34229783L, 
1769048283L, 433154572L, -2035455375L, -714933849L, -1144668842L, 
782048219L, -1427922939L, -1903160569L, -2076053003L, 1778310500L, 
500733967L, 1773497278L, 795154542L, 575036889L, 778466695L, 
1242263811L, -823418599L, -2024844345L, -383380987L, -1501199978L, 
1983887518L, 80356223L, -1627817163L, -1486777558L, -1639854546L, 
-1969953507L, -1752969582L, -2135626703L, -132754373L, 1948304656L, 
-1817246883L, -1525224326L, 219916132L, -1228184901L, -950654208L, 
-957897418L, 1442056105L, 2006820868L, -998067402L, 588238608L, 
-2071313008L, 1660403744L, -1288993836L, 1310568604L, 364959193L, 
648390175L, -2053739644L, -401405965L, -810941635L, 1515588692L, 
1328846039L, -187024617L, 1043279713L, -902561131L, -1477667615L, 
1014896110L, -2077357687L, 1946404553L, -1464022227L, -1593199280L, 
-1834312121L, 621404803L, -98890659L, -349555615L, -754957961L, 
-1751316529L, -121330268L, 360410497L, 1491239864L, -870821515L, 
-1577873767L, -1275523305L, -1375303603L, 168805435L, -1722548112L, 
860098147L, 1281445525L, -193512014L, 1158259395L, -939831135L, 
-308165730L, 474223599L, -442455557L, 1851179196L, -446934285L, 
325463168L, 642585225L, -648900080L, 86743341L, -663888939L, 
-1360584517L, 2060667824L, -1488653452L, -1877328649L, 1649637071L, 
1218817697L, 1038456898L, -2101332031L, -961118341L, 379711198L, 
348424888L, 1445316405L, 1602192717L, -432062012L, -2069910164L, 
636019086L, -1286925760L, 846228878L, -1009093909L, 884558422L, 
-184030226L, -1755683285L, 538736389L, 1834319880L, -50696091L, 
1631344397L, 428594396L, -1107286956L, -1710870475L, -223620997L, 
-2129850540L, 333195941L, -900941467L, 1395172017L, -786476216L, 
1735368715L, -1457712223L, 1403360844L, 456359596L, -775126472L, 
-1377552146L, 1762268064L, 1618021655L, -293332750L, -267017633L, 
-2142118360L, -540078684L, -1490474041L, 1648997750L, 905553592L, 
324789083L, -334988859L, -273751019L, 884823849L, 776666115L, 
264362326L, -34491624L, 74344906L, -1486275010L, -1932966580L, 
-466004196L, -2084952365L, -995760848L, 26573236L, -1859885865L, 
573781011L, -1901602847L, -1716031353L, -1613690400L, 1761541071L, 
-1641769633L, -417179924L, 251313623L, -2080992233L, 1171923884L, 
1578879593L, -929536709L, 1700002736L, -1520298158L, -1153790650L, 
725881536L, 1731307931L, 1402571094L, -1390855477L, -880480190L, 
515490818L, 748463147L, 524591106L, -898093009L, 1299162433L, 
1223062962L, -1909995478L, 1439201417L, -843960383L, 163621883L, 
637818996L, -2067392482L, 188378077L, 1276668643L, -20328211L, 
-2063719746L, -37847312L, 1189078261L, -1291221200L, -1549626925L, 
-213803013L, 2009400703L, -554765988L, 2102108501L, 1872857520L, 
-1502043934L, -1120679047L, -2138390526L, -1589299859L, -369941316L, 
1825243229L, -192113018L, -2034992623L, -1443360538L, 1080620159L, 
-409954714L, 1208679596L, 1904856803L, 1326517353L, -221313098L, 
-1295948318L, -557089103L, -1283602252L, -1677119201L, -554424128L, 
-1066048079L, 2051187409L, 1937893132L, -75987790L, 1780763308L, 
-871822127L, -1237409909L, -17357243L, 1923631174L, -223613578L, 
-1012426095L, 1400588272L, -2097842900L, -2004435400L, -1595571986L, 
-805849301L, 1229337383L, 271483874L, 1251711415L, -368287420L, 
-1982580090L, -363504851L, 441447924L, 580733807L, 1640678936L, 
-702532590L, 863278193L, 1373879614L, -50575527L, 1399334828L, 
-1046019642L, 836876271L, -979833965L, -1866977488L, -1523289389L, 
-929745414L, 1597630896L, 717636525L, -1089613521L, 1912935422L, 
186821246L, 1496657164L, -1620174079L, -1402651571L, 1131997369L, 
-647291375L, -77199261L, 1366022446L, 527351978L, 368461600L, 
1155546195L, -1930048126L, 2060651494L, 778605568L, 190814202L, 
1929453613L, 18471527L, 662297503L, 233971526L, 1596477359L, 
2100772273L, -897955683L, -1758425938L, -1384894745L, -1993863311L, 
124572615L, 1913576392L, 1884292371L, 187296153L, -393069771L, 
-1757946894L, 381790301L, 956605276L, 1695410521L, -1229877004L, 
897480214L, -343900908L, 1025185294L, -610238786L, 1275929057L, 
-175338520L, 1510044706L, 1938836872L, -1159559368L, -1778932992L, 
-1128547871L, -1996812170L, 1102648266L, 654063239L, -1026625673L, 
-1324742299L, -1301316762L, 1588769092L, 1989185711L, -21955089L, 
-298318744L, 1903054859L, 1033014225L, 1430609429L, -317609875L, 
-2136027034L, -315300932L, -7493754L, -724696023L, 1431068219L, 
292974208L, -1998830297L, -1496151860L, 873676841L, -285333265L, 
711442359L, 782731745L, -897624544L, -1888972579L, -1526828111L, 
-1914469886L, -1968056474L, 162344690L, -1662299763L, -1161893043L, 
-1100670656L, 642379618L, 804369762L, -43287772L, 699894648L, 
-1347563346L, -2124457163L, -1268888542L, -316387386L, -1206222469L, 
957867248L, 1844593631L, -1550840467L, -1034041177L, -1597263514L, 
-1553029636L, 1347762710L, -1017558981L, -158630106L, -645502957L, 
1217279117L, 729642430L, -1401832260L, -217401673L, -1195881482L, 
-878873772L, 1514858948L, -1946781370L, -812656479L, -886084902L, 
